Doroshenko_2017_HESS1731_XMM_test.dat
# %ECSV 0.9
# ---
# datatype:
# - {name: energy, unit: eV, datatype: float64}
# - {name: flux, unit: erg / (cm2 s), datatype: float64}
# - {name: flux_error, unit: erg / (cm2 s), datatype: float64}
energy  flux flux_error
[from data line 211]
1.640019983053207397e+03  3.772645090206635369e-11 5.241728704330938941e-12
1.649859994649887085e+03  4.100136263008153326e-11 5.469083506110385566e-12
1.659702479839324951e+03  3.903580877271054819e-11 5.378224865930961871e-12
1.669552534818649292e+03  3.705842437471182937e-11 5.284860554249844440e-12
1.679402470588684082e+03  3.681153776663980188e-11 5.296996083767849439e-12
1.689259976148605347e+03  4.189836459956269755e-11 5.633116560387650284e-12
1.699120014905929565e+03  3.744077247575602655e-11 5.387539809788989633e-12
1.708979994058609009e+03  3.106817254034348943e-11 4.991465772576280753e-12
1.718847513198852539e+03  4.603783369984328487e-11 5.956342754544553726e-12
1.728717476129531860e+03  3.715008390331023686e-11 5.445105527003674439e-12
1.738590002059936523e+03  4.805003661298764676e-11 6.126439602323350479e-12
1.748469978570938110e+03  4.471845878343030307e-11 5.964898960984834496e-12
1.758350014686584473e+03  4.071617061853942672e-11 5.755446048035035100e-12
1.768229991197586060e+03  4.632212328297353643e-11 6.130836633054007034e-12
1.778112530708312988e+03  3.385293232737673239e-11 5.379308758544839657e-12
1.788002490997314453e+03  3.766575641807776449e-11 5.682468842454793951e-12
1.797897517681121826e+03  3.832257024780899777e-11 5.781559488114837494e-12
1.810264974832534790e+03  3.352469522517265738e-11 4.403116028231891236e-12
1.825117498636245728e+03  3.517059915857413894e-11 4.584443985400467458e-12
1.837499976158142090e+03  4.272190933504968714e-11 6.382399028637714343e-12
1.849884986877441406e+03  4.105039580152594674e-11 5.089017902006244643e-12
1.862272471189498901e+03  4.868413673496756144e-11 7.005403666141961643e-12
1.872187495231628418e+03  4.020905642406390607e-11 6.533089823496860037e-12
1.884580016136169434e+03  3.959825582312550670e-11 5.240917734327958397e-12
1.896979957818984985e+03  5.233251375178240021e-11 7.530386862787725155e-12
1.906907528638839722e+03  4.367708837877911186e-11 7.017235770960311695e-12
1.916832476854324341e+03  4.514036215546798308e-11 7.172907302639310418e-12
1.929244995117187500e+03  2.996465455167644242e-11 4.814172683879122902e-12
1.944139987230300903e+03  3.817955781511640993e-11 5.396882413167847472e-12
1.959044992923736572e+03  4.114835154083075596e-11 5.622536155106999562e-12
1.973955005407333374e+03  3.500088097951033553e-11 5.280430675994011728e-12
1.988864958286285400e+03  3.987955698869130855e-11 5.637186286950108274e-12
2.003779977560043335e+03  3.728510651709572022e-11 5.516813319275737796e-12
2.018700003623962402e+03  3.335514531033886647e-11 5.300209257362893022e-12
2.033625006675720215e+03  3.254016960741019336e-11 5.287063906075796010e-12
2.048554956912994385e+03  3.370897116146510594e-11 5.415740998693249589e-12
2.063490033149719238e+03  3.422955706898542571e-11 5.499379221562618548e-12
2.078429937362670898e+03  3.958235235712366308e-11 5.913367898752597373e-12
2.095860004425048828e+03  3.292109670750818035e-11 4.694840871617801370e-12
2.113292574882507324e+03  3.560831688212372355e-11 5.785570549107203799e-12
2.130732476711273193e+03  2.739977083774094641e-11 4.451861842723130020e-12
2.150667428970336914e+03  3.569658006074263195e-11 5.090649456034981722e-12
2.170607566833496094e+03  3.601508601346783392e-11 5.229931791618335908e-12
2.193050026893615723e+03  3.200876789482092922e-11 4.524608623160504260e-12
2.215492486953735352e+03  3.623209522145657550e-11 5.635650325871423374e-12
2.237944960594177246e+03  3.260496786466812171e-11 4.968333117926965871e-12
2.265390038490295410e+03  3.554575769532346299e-11 4.938742287538216032e-12
2.297830104827880859e+03  3.088916025558630708e-11 4.527438960029061008e-12
2.330280005931854248e+03  3.382806473239975849e-11 5.375357240544273302e-12
2.365234971046447754e+03  3.233263467959819000e-11 4.610920958360571379e-12
2.400194942951202393e+03  3.857276204218757526e-11 5.937815429315985312e-12
2.430164873600006104e+03  3.965504445347109135e-11 6.042621218607108236e-12
2.462639927864074707e+03  3.123229792858180769e-11 5.017834438346325293e-12
2.505112528800964355e+03  2.225807277697192979e-11 3.576020066371723849e-12
2.550087571144104004e+03  2.961163308804054282e-11 4.654858852540244965e-12
2.595067560672760010e+03  2.614832368444369235e-11 3.944883861351562569e-12
2.645050048828125000e+03  3.029752457639720312e-11 4.282715330038197045e-12
2.695035040378570557e+03  3.003932211108776166e-11 4.362161057971445318e-12
2.745025038719177246e+03  2.845427333845701686e-11 4.380195099180992496e-12
2.790020048618316650e+03  3.366669291939474778e-11 5.470099237913469390e-12
2.840014994144439697e+03  2.639804163340009687e-11 3.982557722154885066e-12
2.892509996891021729e+03  3.288777719865724539e-11 5.225943390160590677e-12
2.942510008811950684e+03  2.745373208008161887e-11 4.362461130544267535e-12
2.997505009174346924e+03  2.869693206616248854e-11 4.511070627944274306e-12
3.052500009536743164e+03  3.403431832437531886e-11 4.942294552459124898e-12
3.110000014305114746e+03  2.808871091289976118e-11 4.415460108553140335e-12
3.177500009536743164e+03  2.979833659072680055e-11 4.105516443857175047e-12
3.245000004768371582e+03  3.083601619590272354e-11 4.847328161192960782e-12
3.317499995231628418e+03  2.135123472399948021e-11 3.469107377784014936e-12
3.394999980926513672e+03  3.353968470286807773e-11 4.826192799880896147e-12
3.477500021457672119e+03  2.634774175019121279e-11 3.757422055001497420e-12
3.569999992847442627e+03  2.536440094305216045e-11 3.904546195325310529e-12
3.657499969005584717e+03  2.636820245347600970e-11 4.189967977762429240e-12
3.752499997615814209e+03  2.151079688425863320e-11 3.495032729386654566e-12
3.857500016689300537e+03  2.905494961880107223e-11 4.107070788313352235e-12
3.974999964237213135e+03  2.404164010712443411e-11 3.459471709714959395e-12
4.102499961853027344e+03  2.226621221806668961e-11 3.538152300839274836e-12
4.242500066757202148e+03  1.989545251113329431e-11 3.094599214933844567e-12
4.375000000000000000e+03  2.979782774708412168e-11 4.634844786830524932e-12
4.522499918937683105e+03  2.108568621626052203e-11 3.090539091530691338e-12
4.702499866485595703e+03  2.056436291902758342e-11 3.303905741860805078e-12
4.889999985694885254e+03  2.069435040698507417e-11 3.218862224278907271e-12
5.092499971389770508e+03  2.305957584290828153e-11 3.513809761175055187e-12
5.344999909400939941e+03  1.934319911083785256e-11 2.808923236877576842e-12
5.644999980926513672e+03  1.831791296092584413e-11 2.976259116617954268e-12
5.980000019073486328e+03  1.953163625167536913e-11 3.006661824427862311e-12
6.545000076293945312e+03  1.320307045213124585e-11 2.032454802154602570e-12
7.675000071525573730e+03  1.438429501558892703e-11 2.170096024078024348e-12
